#BVGraph properties
#Wed Nov 17 23:14:11 CET 2010
compratio=0.155
bitsforblocks=970975
residualarcs=376406
version=0
zetak=3
residualexpstats=67289,36142,31742,31159,30696,29944,26117,23646,22432,18791,14456,10258,9924,6950,6877,5004,2307,434
avgref=2.081
residualavggap=2565.762
avgbitsforoutdegrees=8.482
windowsize=7
bitsforintervals=657239
copiedarcs=2334038
avgbitsforblocks=9.71
bitsperlink=2.033
bitsforresiduals=3352886
bitsforreferences=372787
avgdist=2.778
successoravgloggap=2.375632442516764
avgbitsforreferences=3.728
successoravggap=1009.357
maxrefcount=3
successorexpstats=2330932,126969,70110,60570,57814,53375,45013,41464,44073,34989,28406,35029,40131,33459,23336,16005,6547,1025
nodes=100000
compressionflags=
intervalisedarcs=340171
bitspernode=62.021
arcs=3050615
bitsforoutdegrees=848162
avgbitsforintervals=6.572
minintervallength=4
graphclass=it.unimi.dsi.webgraph.BVGraph
avgbitsforresiduals=33.529
residualavgloggap=5.561475150324414
